{
'loss': [6.026840686798096, 4.7727131843566895, 4.218074321746826, 3.915517807006836, 3.7000908851623535, 3.5450735092163086, 3.414228677749634, 3.304046869277954, 3.208782911300659, 3.124225378036499, 3.0475149154663086, 2.977383613586426, 2.9120, 2.8537, 2.7986, 2.7460, 2.6964, 2.6486, 2.6023, 2.5592],
'accuracy': [0.1490807682275772, 0.22648167610168457, 0.26698338985443115, 0.2999303340911865, 0.31843072175979614, 0.3309984505176544, 0.3414927124977112, 0.35026052594184875, 0.3582751154899597, 0.3654264509677887, 0.3719938397407532, 0.37720710039138794, 0.3834, 0.3879, 0.3937, 0.3984, 0.4034, 0.4080, 0.4127, 0.4179],
'val_loss': [5.009276866912842, 4.370221138000488, 4.016548156738281, 3.797884464263916, 3.6575920581817627, 3.5547163486480713, 3.4766595363616943, 3.418569326400757, 3.369173049926758, 3.3337106704711914, 3.3041746616363525, 3.2746121883392334, 3.2598, 3.2511, 3.2458, 3.2425, 3.2436, 3.2458, 3.2554, 3.2648],
'val_accuracy': [0.18939316272735596, 0.24546317756175995, 0.28884705901145935, 0.31413453817367554, 0.3249211311340332, 0.33662357926368713, 0.3445778489112854, 0.34981852769851685, 0.3564668893814087, 0.36167362332344055, 0.3655065894126892, 0.3691869378089905, 0.3718,  0.3737,  0.3757, 0.3772, 0.3800, 0.3811, 0.3812, 0.3822]
}
