{
'loss': [5.9819440841674805, 4.645030498504639, 4.123632431030273, 3.840043306350708, 3.646374225616455, 3.5005416870117188, 3.3719916343688965, 3.26163649559021, 3.1704306602478027, 3.0880143642425537, 3.0128629207611084, 2.9453282356262207, 2.8815176486968994, 2.823620557785034, 2.7690281867980957, 2.719313383102417],
'accuracy': [0.15338285267353058, 0.2369505614042282, 0.2754606008529663, 0.30654284358024597, 0.3224619925022125, 0.3355713486671448, 0.3454957902431488, 0.35385453701019287, 0.36147981882095337, 0.36846470832824707, 0.3755144774913788, 0.381438672542572, 0.38638678193092346, 0.3918060064315796, 0.3967569172382355, 0.4011267125606537],
'val_loss': [4.912473678588867, 4.250346660614014, 3.941431760787964, 3.743990898132324, 3.6250765323638916, 3.5334317684173584, 3.459148406982422, 3.4032039642333984, 3.3577075004577637, 3.320237874984741, 3.293116569519043, 3.272449493408203, 3.258984088897705, 3.250969171524048, 3.2503809928894043, 3.252441883087158],
'val_accuracy': [0.20321562886238098, 0.25245073437690735, 0.30021029710769653, 0.3192903995513916, 0.3300091624259949, 0.33787864446640015, 0.3459177017211914, 0.3529391884803772, 0.35807809233665466, 0.3619449734687805, 0.36586275696754456, 0.37001797556877136, 0.3725789487361908, 0.3746141493320465, 0.37581831216812134, 0.3773277699947357]
}
