{
'loss': [6.007946968078613, 4.771703243255615, 4.192366123199463, 3.8549320697784424, 3.6583566665649414, 3.5200822353363037, 3.3960094451904297, 3.2855827808380127, 3.1916754245758057, 3.1078412532806396, 3.030799388885498, 2.9607720375061035, 2.897632598876953, 2.836695909500122, 2.780259370803833, 2.7285, 2.6764],
'accuracy': [0.1451030969619751, 0.22448156774044037, 0.2702924609184265, 0.307329922914505, 0.3224027454853058, 0.3329421579837799, 0.34334051609039307, 0.352393239736557, 0.3595615029335022, 0.36609503626823425, 0.37350592017173767, 0.3792213499546051, 0.3853034973144531, 0.39094841480255127, 0.39563697576522827, 0.4012, 0.4056],
'val_loss': [5.0080156326293945, 4.360769748687744, 3.969210386276245, 3.748412609100342, 3.6370530128479004, 3.5482752323150635, 3.469907760620117, 3.408987283706665, 3.3610379695892334, 3.3194875717163086, 3.288480043411255, 3.2637147903442383, 3.2484023571014404, 3.238137722015381, 3.229300022125244, 3.2279, 3.2303],
'val_accuracy': [0.18471218645572662, 0.24892303347587585, 0.2990230917930603, 0.31674638390541077, 0.3276347517967224, 0.3354702889919281, 0.34405210614204407, 0.3517010807991028, 0.35683998465538025, 0.36311522126197815, 0.36852550506591797, 0.3717309534549713, 0.3741223216056824, 0.37559783458709717, 0.3774125576019287, 0.3800, 0.3818]
}
