{
'val_loss': [4.9473, 4.3192, 3.9664, 3.7579, 3.6171, 3.5152, 3.4394, 3.3801, 3.3352, 3.2943, 3.2667, 3.2495, 3.2314, 3.2204, 3.2163, 3.2196, 3.2250, 3.2320, 3.2428],
'val_accuracy': [0.1989416927099228, 0.24471694231033325, 0.29535973072052, 0.31394797563552856, 0.32451409101486206, 0.33287540078163147, 0.3409484028816223, 0.3488687574863434, 0.35315966606140137, 0.35821375250816345, 0.3634713888168335, 0.3663715720176697, 0.3704080581665039, 0.3738170266151428, 0.376801997423172, 0.37851497530937195, 0.38052497530936192, 0.3850, 0.3908],
'loss': [5.9991, 4.7110, 4.1710, 3.8689, 3.6611, 3.4976, 3.3662, 3.2565, 3.1610, 3.0772, 3.0013, 2.9299, 2.8655, 2.8039, 2.7480, 2.6951, 2.6437, 2.5963, 2.5500],
'accuracy': [0.1531599909067154, 0.22968356311321259, 0.26712724566459656, 0.3015383183956146, 0.3184363543987274, 0.32959073781967163, 0.33909764885902405, 0.3480234444141388, 0.3560746908187866, 0.3628564774990082, 0.3697313666343689, 0.37561604380607605, 0.3814753592014313, 0.38708922266960144, 0.39176931977272034, 0.39677950739860535, 0.39876950739860535, 0.40312, 0.4092],
